-0.47569 -0.47569 
-0.895701 -0.895701 
-0.79037 -0.790371 
-0.696807 -0.696808 
-0.614249 -0.61425 
-0.541751 -0.541752 
-0.478281 -0.478282 
-0.4228 -0.4228 
-0.374315 -0.374315 
-0.331914 -0.331914 
-0.294781 -0.294781 
-0.262196 -0.262196 
-0.233536 -0.233535 
-0.208264 -0.208263 
-0.18592 -0.185919 
-0.166113 -0.166112 
-0.14851 -0.148508 
-0.132826 -0.132823 
-0.118818 -0.118815 
-0.106281 -0.106278 
-0.0950366 -0.095034 
-0.0849332 -0.0849304 
-0.0758406 -0.0758386 
-0.067647 -0.0676443 
-0.0602535 -0.0602517 
-0.0535752 -0.0535742 
-0.0475394 -0.0475393 
-0.042082 -0.0420826 
-0.0371476 -0.0371479 
-0.0326846 -0.0326839 
-0.0286483 -0.0286523 
-0.0250061 -0.0250066 
-0.0217163 -0.0217217 
-0.0187559 -0.0187603 
-0.0160927 -0.0160954 
-0.013701 -0.0137069 
-0.0115636 -0.0115709 
-0.00966208 -0.00966633 
-0.00796836 -0.00798325 
-0.00648229 -0.00649346 
-0.00517524 -0.00520059 
-0.00406779 -0.00406589 
-0.00308857 -0.00310712 
-0.00228253 -0.00229556 
-0.00161469 -0.00165725 
-0.00104062 -0.00104572 
-0.000587538 -0.000621396 
-0.000315889 -0.000300042 
-0.000107731 8.27263e-05 
-7.24812e-06 0.000185627 
