-3.63648e-10 -3.6364e-10 
-0.00428559 -0.0042856 
-0.0181258 -0.0181258 
-0.0418823 -0.0418824 
-0.0743834 -0.0743834 
-0.114594 -0.114594 
-0.161605 -0.161605 
-0.214619 -0.214619 
-0.27294 -0.27294 
-0.335959 -0.335959 
-0.403143 -0.403144 
-0.474027 -0.474027 
-0.5482 -0.5482 
-0.625303 -0.625303 
-0.705018 -0.705018 
-0.787065 -0.787065 
-0.871196 -0.871196 
-0.957189 -0.957189 
-1.04485 -1.04485 
-1.134 -1.134 
-1.22448 -1.22448 
-1.31615 -1.31615 
-1.40889 -1.40889 
-1.50257 -1.50257 
-1.59711 -1.59711 
-1.6924 -1.6924 
-1.78836 -1.78836 
-1.88492 -1.88492 
-1.98201 -1.98201 
-2.07956 -2.07956 
-2.17753 -2.17752 
-2.27585 -2.27584 
-2.37448 -2.37448 
-2.47339 -2.47339 
-2.57254 -2.57253 
-2.67188 -2.67188 
-2.7714 -2.77139 
-2.87106 -2.87106 
-2.97085 -2.97084 
-3.07073 -3.07073 
-3.1707 -3.17069 
-3.27073 -3.27073 
-3.37081 -3.37081 
-3.47093 -3.47093 
-3.57108 -3.57108 
-3.67125 -3.67126 
-3.77144 -3.77144 
-3.87163 -3.87164 
-3.97183 -3.97184 
-4.07203 -4.07203 
