-2.43432e-10 -2.43444e-10 
-0.0857119 -0.085712 
-0.191091 -0.191091 
-0.28404 -0.28404 
-0.365981 -0.365981 
-0.438231 -0.438231 
-0.501983 -0.501983 
-0.558301 -0.558301 
-0.60812 -0.608121 
-0.65226 -0.65226 
-0.691428 -0.691428 
-0.726239 -0.726239 
-0.757222 -0.757223 
-0.784835 -0.784835 
-0.809471 -0.809471 
-0.831473 -0.831473 
-0.851137 -0.851137 
-0.868721 -0.86872 
-0.884449 -0.884448 
-0.898517 -0.898516 
-0.9111 -0.911098 
-0.922348 -0.922346 
-0.932396 -0.932394 
-0.941364 -0.941361 
-0.949358 -0.949355 
-0.956472 -0.956469 
-0.962792 -0.962789 
-0.968393 -0.96839 
-0.973345 -0.973342 
-0.977709 -0.977706 
-0.981543 -0.98154 
-0.984896 -0.984894 
-0.987816 -0.987814 
-0.990346 -0.990344 
-0.992524 -0.992523 
-0.994386 -0.994385 
-0.995965 -0.995965 
-0.997292 -0.997293 
-0.998394 -0.998396 
-0.999297 -0.9993 
-1.00003 -1.00003 
-1.0006 -1.00061 
-1.00105 -1.00106 
-1.00139 -1.0014 
-1.00163 -1.00164 
-1.0018 -1.00181 
-1.0019 -1.00192 
-1.00195 -1.00197 
-1.00198 -1.00199 
-1.00199 -1.00197 
